0.011061220429837704
0.013471855781972408
0.014723475091159344
0.013135794550180435
0.013258043676614761
0.01341594010591507
0.012498682364821434
0.013119342736899853
0.014678236097097397
0.019220346584916115
0.024293264374136925
0.016677308827638626
0.014751303009688854
0.01755496673285961
0.018765036016702652
0.019254136830568314
0.018465323373675346
0.020685365423560143
0.020304087549448013
0.02307012490928173
0.019418125972151756
0.015844801440835
0.013640799559652805
0.018434295430779457
0.02410298027098179
0.020038029178977013
0.017522454261779785
0.01801239512860775
0.017813723534345627
0.017286932095885277
0.016116801649332047
0.013118112459778786
0.014288116246461868
0.01449450571089983
0.016524702310562134
0.018512172624468803
0.020445404574275017
0.021556830033659935
0.022401420399546623
0.023589996621012688
0.02565256506204605
0.02451988123357296
0.023942407220602036
0.021013256162405014
0.017538299784064293
0.016484318301081657
0.015053436160087585
0.0172067042440176
0.016262076795101166
0.02056422084569931
0.019209260120987892
0.018544362857937813
0.016284985467791557
0.016274359077215195
0.016684789210557938
0.01756291277706623
0.018471958115696907
0.01798437349498272
0.01814527064561844
0.01746496930718422
0.01666668988764286
0.01722012273967266
0.01575726456940174
0.012075397185981274
0.012402044609189034
0.014484229497611523
0.013529823161661625
0.015091407112777233
0.01862386427819729
