0.007601227145642042
0.00792464055120945
0.007451124954968691
0.007542543113231659
0.008969965390861034
0.008755845949053764
0.008741532452404499
0.009018365293741226
0.009208859875798225
0.00972447544336319
0.010737063363194466
0.011317423544824123
0.011372542940080166
0.010113279335200787
0.010555735789239407
0.011212368495762348
0.011105813086032867
0.011154667474329472
0.01090223528444767
0.010742073878645897
0.010085036978125572
0.010303334333002567
0.009525666013360023
0.009527803398668766
0.008714367635548115
0.009685108438134193
0.00971132144331932
0.010398146696388721
0.011306541040539742
0.011088970117270947
0.010907058604061604
0.01029783021658659
0.010799702256917953
0.010795106180012226
0.012287662364542484
0.013352744281291962
0.016084596514701843
0.01556133758276701
0.012722749263048172
0.013508145697414875
0.014560001902282238
0.015226652845740318
0.01555764488875866
0.014380798675119877
0.01364727783948183
0.013017192482948303
0.013684253208339214
0.0158485509455204
0.016493842005729675
0.016351325437426567
0.015452084131538868
0.01600879430770874
0.015532507561147213
0.014785993844270706
0.014539563097059727
0.013849511742591858
0.013413358479738235
0.013165021315217018
0.01331440918147564
0.01308580581098795
0.013352463953197002
0.013083623722195625
0.011982917785644531
0.012357250787317753
0.011998427100479603
0.01142555009573698
0.011069899424910545
0.011332356370985508
0.01147630624473095
0.011069702915847301
0.010785926133394241
0.011135261505842209
0.01119343750178814
0.010898137465119362
0.011444728821516037
0.012010067701339722
0.013645034283399582
0.013174740597605705
0.015138624235987663
0.016144854947924614
0.019016122445464134
0.015917392447590828
0.016346784308552742
0.017317648977041245
0.015593105927109718
0.015879381448030472
0.016109071671962738
0.015936484560370445
0.015526073053479195
0.01722612977027893
0.019738994538784027
0.017449481412768364
0.015383199788630009
0.01456031296402216
0.014828391373157501
0.015117083676159382
0.014482819475233555
0.015564877539873123
0.015739312395453453
0.015926839783787727
0.01579909212887287
0.01619749702513218
0.015912633389234543
0.015996169298887253
0.016395695507526398
0.016230139881372452
0.016613353043794632
0.016848035156726837
0.016817141324281693
0.017987892031669617
0.01849827542901039
0.019334351643919945
0.01943112723529339
0.019667144864797592
0.02002120576798916
0.035886626690626144
0.022142156958580017
0.02793150022625923
0.019687902182340622
0.018976202234625816
0.018112899735569954
0.016996467486023903
0.016034094616770744
0.01673486828804016
0.017276989296078682
0.018546555191278458
0.01967940479516983
0.01965388096868992
0.02093931846320629
0.018317855894565582
0.016952550038695335
0.016739685088396072
0.015436969697475433
0.016010407358407974
0.016263717785477638
0.016805708408355713
0.0168758537620306
0.016685055568814278
0.01645342819392681
0.01632453128695488
0.01661234349012375
0.01666986383497715
0.016684049740433693
0.016909465193748474
0.017314041033387184
0.01631075143814087
0.016511861234903336
0.017325663939118385
0.016807198524475098
0.01698063686490059
0.016802366822957993
0.016953030601143837
0.01754198782145977
0.01733497902750969
0.018189264461398125
0.018680423498153687
0.01932351291179657
0.019810065627098083
0.02059709094464779
0.020038383081555367
0.01960783638060093
0.020532654598355293
0.020750287920236588
0.01988298073410988
0.020362088456749916
0.019970819354057312
0.019672401249408722
0.018910285085439682
0.02079271338880062
